297
434
806
261
328
18
271
433
841
199
911
391
315
372
148
540
916
970
13
729
691
289
71
177
814
533
439
258
68
146
365
135
470
586
633
662
599
258
175
959
154
480
22
587
232
165
798
997
589
386
865
81
869
301
8
462
497
287
578
954
141
595
551
554
92
766
831
602
393
667
559
281
35
990
157
368
571
45
955
690
708
948
639
142
235
136
753
78
581
61
81
761
939
858
547
149
531
546
971
877
245
890
131
665
979
443
374
635
735
395
177
766
798
150
424
330
882
876
235
231
978
319
82
859
79
455
638
438
560
358
71
779
270
165
882
288
296
214
793
968
569
716
97
496
7
829
371
850
956
355
402
798
114
738
558
893
305
674
939
304
682
487
356
267
807
844
521
434
954
673
573
116
515
97
302
193
45
828
797
58
548
346
337
261
923
650
63
315
317
214
34
271
594
429
893
947
333
344
814
687
360
556
662
109
138
945
193
438
881
952
790
344
266
881
291
901
376
124
167
956
123
862
62
450
396
781
5
842
319
658
780
640
289
775
255
554
837
993
51
73
605
862
866
902
47
322
111
353
384
319
228
172
135
737
361
721
820
993
534
592
15
128
535
265
662
819
167
929
687
955
911
635
198
81
273
410
911
34
592
923
286
239
387
5
440
804
277
15
623
410
619
801
216
689
169
638
384
220
741
148
845
217
915
316
38
584
293
432
867
968
901
13
686
31
436
87
321
490
348
572
629
957
657
291
969
468
346
284
557
255
153
854
251
865
74
449
986
854
950
844
400
585
709
911
171
103
598
757
723
790
872
710
960
593
420
720
528
570
963
92
342
459
349
718
844
396
214
877
546
474
407
567
591
745
329
125
626
380
186
606
686
486
703
668
937
23
998
649
675
444
485
431
398
174
57
832
94
692
828
976
240
553
240
982
463
86
358
542
711
82
586
149
634
728
821
293
464
551
84
400
601
240
457
215
595
145
3
284
179
555
129
508
530
252
358
980
103
419
896
585
558
989
766
994
357
529
757
569
792
607
298
455
921
676
733
289
24
913
723
258
35
384
33
404
676
56
283
210
508
754
462
227
37
178
31
417
380
867
80
914
588
708
358
932
29
867
85
916
767
213
658
9
364
7
418
594
625
87
218
338
393
843
68
731
487
659
463
359
769
182
157
618
596
730
901
772
797
584
382
310
298
299
586
346
858
951
256
571
12
514
51
123
13
600
125
973
590
626
154
382
653
25
109
441
70
390
830
255
693
782
504
801
395
844
880
370
481
863
618
559
363
42
675
473
461
987
567
815
521
892
343
286
480
975
23
124
528
872
361
669
108
534
708
413
438
600
364
66
923
302
842
958
48
373
815
853
265
169
266
671
18
647
836
220
853
211
938
740
690
59
579
948
202
251
656
873
221
234
828
539
174
51
887
376
953
714
725
433
693
285
912
772
425
435
908
671
532
260
45
948
9
453
189
299
290
376
482
282
418
403
145
164
436
429
176
731
795
645
134
454
960
394
356
148
488
759
205
215
749
239
124
939
382
754
300
468
51
329
859
789
583
869
892
870
671
754
52
168
315
38
927
715
243
629
470
998
807
46
312
651
756
431
239
323
315
754
258
137
348
945
499
466
499
577
630
602
640
991
556
192
79
710
830
791
974
115
76
949
178
873
585
644
247
830
266
171
733
954
193
606
407
257
468
569
608
338
87
358
138
398
339
394
796
174
763
632
740
801
284
180
458
149
409
232
58
618
644
993
174
823
451
719
259
764
864
784
664
87
877
872
36
247
757
968
179
135
951
975
380
609
594
655
187
57
395
543
242
981
683
441
364
88
510
770
595
997
357
122
585
703
839
32
993
971
908
348
778
276
316
284
348
298
54
766
345
504
991
672
394
771
611
930
265
224
515
269
250
622
851
829
260
480
564
40
911
861
437
307
293
328
422
576
209
229
716
468
963
751
572
772
583
19
979
974
412
178
725
208
249
2
869
993
209
526
171
321
86
599
554
997
218
666
14
692
583
862
137
215
59
38
49
322
576
939
459
625
985
146
205
209
772
316
619
941
986
115
553
496
1000
167
805
578
702
300
422
162
47
808
97
204
177
441
208
529
847
142
412
15
670
343
618
496
703
988
173
923
930
265
413
521
201
164
89
384
700
957
598
314
447
132
228
222
243
604
762
786
937
49
766
137
550
455
51
2
160
672
277
799
510
966
363
164
245
371
174
719
922
495
288
309
494
855
453
22
911
659
944
409
702
623
435
387
275
456
199
976
301
136
122
962
731
828
507
251
249
959
598
507
639
21
848
840
957
962
354
170
998
425
294
52
130
843
168
357
403
473
20
482
982
56
245
876
364
2
553
518
132
392
881
704
8
720
350
819
358
813
326
369
527
871
19
656
774
807
463
656
934
350
990
786
355
188
186
61
340
145
865
531
178
182
190
932
95
217
196
611
211
778
422
269
109
797
841
778
332
142
525
241
387
949
288
814
727
899
388
168
288
759
210
668
494
811
636
281
95
503
364
721
722
11
35
978
430
736
202
575
98
392
647
909
46
760
877
577
171
343
974
567
424
397
381
795
761
813
239
361
308
715
85
315
302
682
298
832
605
665
256
907
99
722
554
405
109
581
314
748
392
797
615
839
766
356
395
987
378
195
461
538
86
964
4
281
262
651
248
571
63
780
760
776
644
306
336
812
979
654
805
969
426
893
146
833
951
596
950
820
13
415
339
360
997
266
953
739
486
554
958
730
293
463
885
637
999
292
717
81
389
300
402
185
70
698
509
430
507
776
9
594
280
116
142
769
914
378
871
747
686
78
798
812
32
913
875
427
640
994
801
193
377
364
857
730
705
400
977
446
465
54
119
541
588
93
995
501
306
994
797
433
321
732
49
664
320
12
777
484
531
792
238
469
737
446
640
409
661
798
467
877
982
276
406
585
593
915
759
140
523
932
962
148
629
19
616
760
193
905
107
636
398
991
788
949
774
134
187
653
548
742
881
567
359
861
952
214
112
384
450
396
280
809
603
189
269
735
679
848
135
205
82
296
253
96
35
223
948
34
914
614
93
449
328
294
605
399
634
168
870
928
516
642
357
1
635
601
872
409
1000
869
390
399
219
879
713
761
968
243
421
153
846
436
390
801
525
567
776
801
339
20
164
596
104
135
896
100
26
888
709
596
182
667
306
726
254
458
103
160
846
20
799
533
214
916
270
545
967
841
193
633
93
40
310
304
270
629
627
953
143
739
272
796
416
963
627
888
744
889
751
872
545
532
415
468
313
155
894
344
331
399
591
276
653
700
571
657
913
978
191
335
124
900
989
946
712
727
721
137
944
966
956
937
125
984
819
633
149
216
431
659
501
341
208
45
48
369
808
410
331
634
581
487
215
922
968
324
426
793
270
120
277
355
768
954
695
352
151
532
770
709
782
733
987
579
860
82
80
355
315
375
582
985
304
601
993
930
1
999
46
671
447
91
884
482
894
969
496
26
732
534
902
52
4
381
794
550
978
296
906
436
632
927
161
140
28
575
639
59
512
531
447
696
679
164
617
813
685
131
720
950
458
789
277
897
804
860
907
759
290
1000
819
510
184
491
650
894
468
779
896
232
117
566
358
220
980
641
23
699
926
976
875
122
658
881
449
358
997
997
161
241
221
660
629
58
832
363
972
423
776
259
778
297
826
291
1000
147
22
513
607
446
890
387
225
167
228
161
325
670
3
427
565
585
418
698
947
660
504
602
145
930
420
705
420
748
755
897
982
94
851
794
13
473
315
769
206
488
791
279
458
130
846
63
226
182
113
832
960
67
900
289
347
118
936
224
451
535
513
828
952
538
731
82
332
954
449
466
600
624
584
218
683
124
360
472
269
321
279
605
639
259
342
897
393
481
444
370
871
147
392
266
119
836
421
349
814
393
87
592
566
909
157
136
71
686
782
248
576
459
754
660
407
935
833
436
482
101
335
860
544
439
373
194
170
852
348
920
155
644
425
753
525
544
814
612
973
542
591
140
912
378
410
880
25
176
801
681
789
26
290
816
862
85
857
871
738
990
222
2
573
148
616
520
378
218
941
462
697
310
606
107
235
510
457
286
885
263
812
823
465
432
318
300
541
719
608
352
233
149
154
5
706
345
228
183
748
701
473
529
511
777
721
905
301
677
152
88
862
340
850
571
959
887
478
304
193
379
32
287
754
848
637
363
3
526
423
477
221
194
409
42
791
523
291
312
218
546
591
179
386
259
92
927
631
884
860
152
669
189
80
613
715
647
534
923
498
785
141
716
368
284
440
949
348
315
620
848
386
147
578
645
718
778
346
712
533
452
481
943
126
487
823
800
485
444
189
338
71
551
791
228
178
693
622
388
488
57
959
444
36
555
481
262
92
718
505
309
967
66
335
915
963
515
423
771
503
21
920
248
475
869
720
698
801
150
746
239
725
78
672
778
280
496
246
844
304
792
149
264
209
410
325
16
917
439
567
677
538
951
154
61
757
781
853
734
339
61
306
408
50
413
120
828
318
395
792
429
972
90
640
313
227
239
28
240
250
123
449
384
365
676
406
131
481
909
770
478
457
493
149
538
934
186
638
731
965
610
187
572
111
477
736
172
368
767
604
915
132
599
359
351
174
254
338
400
227
289
356
784
998
927
383
226
433
201
481
131
295
846
940
283
979
675
960
977
774
40
458
50
125
874
988
460
384
850
661
448
233
729
510
534
889
335
711
210
572
573
218
237
768
988
421
535
948
548
248
145
435
403
931
337
811
867
672
774
671
942
35
785
553
985
445
491
130
724
4
685
158
379
145
780
884
607
47
203
519
71
158
556
981
274
384
406
679
617
597
335
689
242
738
476
81
406
504
347
312
998
965
750
135
476
690
275
595
335
671
684
447
750
594
576
307
393
306
870
700
263
218
25
256
801
316
367
392
151
833
681
757
195
774
510
661
937
290
53
829
117
342
605
11
336
327
650
846
700
139
6
436
617
605
423
356
856
64
452
690
221
372
205
384
153
881
216
967
492
464
13
891
198
21
996
281
67
823
434
76
309
311
719
874
263
323
670
802
865
772
934
207
831
572
946
914
200
139
16
429
427
294
625
43
582
96
864
132
457
9
664
677
66
789
888
453
16
687
123
85
906
317
603
474
379
815
704
608
539
654
808
254
89
940
384
470
32
359
187
909
901
103
14
435
686
965
297
353
545
748
468
952
629
374
69
591
730
683
228
803
385
35
909
691
179
905
161
666
241
799
176
327
255
863
449
115
164
602
393
192
821
339
954
992
369
134
145
489
587
315
541
682
223
13
985
418
665
468
284
211
721
625
930
729
101
216
841
679
478
307
490
362
819
58
198
714
946
108
535
433
711
997
187
234
529
549
27
757
520
608
174
474
417
849
470
575
53
337
177
379
287
750
545
183
956
866
463
778
940
547
941
660
938
514
433
518
917
131
944
434
831
424
133
680
391
595
846
793
237
35
809
222
886
60
818
571
477
95
810
58
24
588
425
245
154
816
445
82
176
290
207
345
517
136
236
719
108
8
626
222
948
348
778
872
415
269
219
916
957
968
920
538
722
210
726
353
481
198
904
918
930
630
513
561
254
801
719
277
248
766
942
292
88
899
186
642
780
460
431
15
956
939
866
965
949
542
182
747
211
367
970
736
38
134
529
377
845
410
767
248
789
479
312
741
301
401
798
640
686
10
955
266
282
473
215
285
531
503
303
93
904
404
272
226
804
939
878
104
77
452
392
696
439
411
610
631
528
909
460
772
735
30
485
59
911
566
71
300
33
61
74
533
293
611
825
290
265
947
518
972
289
461
381
933
205
461
607
586
38
170
760
40
782
642
841
652
108
185
148
191
670
6
29
689
846
283
224
552
467
239
795
383
542
753
180
310
519
713
340
570
24
352
150
973
205
449
119
440
425
926
879
638
483
94
762
884
176
348
620
375
162
258
20
778
472
436
592
201
173
100
764
912
438
842
953
223
473
56
125
367
746
939
751
437
682
244
755
239
339
71
889
650
261
10
475
49
205
206
967
943
740
166
634
557
177
407
932
972
75
22
707
996
367
769
905
438
4
935
591
644
404
258
86
121
140
465
853
458
914
359
685
809
198
748
648
27
254
851
808
528
747
117
828
416
260
805
707
174
246
829
978
817
465
427
257
568
709
824
603
157
343
46
514
47
424
776
654
396
595
800
619
828
441
777
862
714
382
323
809
682
843
165
386
548
213
774
867
821
262
19
746
734
326
154
406
779
768
781
497
530
683
807
790
63
640
360
352
829
979
286
895
175
633
769
617
589
375
311
107
729
784
429
432
336
646
182
388
341
432
713
660
324
339
813
144
407
257
832
441
238
569
563
445
48
375
39
757
956
635
488
180
734
378
465
844
146
593
132
143
427
271
559
388
514
573
131
601
381
743
756
269
820
454
69
380
315
992
296
65
844
803
18
404
643
354
962
156
856
38
636
522
223
271
632
379
494
140
56
700
247
277
716
975
977
348
519
740
836
617
898
620
350
477
895
421
951
301
12
512
978
296
345
533
758
967
438
518
939
945
385
15
379
369
209
415
513
360
461
923
789
605
513
112
379
93
184
78
823
541
616
597
302
189
384
262
987
725
261
729
264
238
908
831
282
505
59
267
313
33
343
469
529
741
104
901
907
528
688
931
639
136
497
313
634
883
267
474
754
712
17
940
385
938
161
675
891
586
374
554
588
813
915
584
277
763
625
55
722
705
646
406
75
532
771
135
547
799
449
471
968
904
239
608
392
661
235
384
671
30
907
507
980
133
881
843
955
782
595
955
869
168
776
753
707
623
5
659
800
952
409
968
193
928
947
965
680
211
184
27
965
584
265
847
201
469
709
162
856
679
621
405
923
904
804
767
632
32
611
814
350
169
149
922
193
984
236
680
983
668
480
964
167
694
782
180
453
882
34
940
148
573
606
222
51
795
841
154
757
250
365
346
794
679
464
439
340
470
151
107
37
602
105
455
532
569
4
831
148
736
797
940
306
463
264
228
252
639
730
712
282
510
884
21
919
801
937
321
138
202
422
64
777
748
346
329
242
717
971
639
68
733
681
285
866
424
898
46
977
107
967
313
805
973
868
375
937
896
606
936
353
914
785
229
665
861
621
433
285
802
138
424
687
617
566
370
912
272
184
270
33
768
527
500
613
996
572
385
892
219
415
620
880
832
713
967
850
939
45
40
226
76
529
366
51
695
34
891
897
621
848
424
783
236
123
284
526
162
693
497
241
410
700
969
124
743
900
516
197
3
385
565
523
601
569
89
998
457
536
849
163
976
59
13
98
600
996
793
306
732
697
767
951
759
331
21
798
936
441
800
926
411
715
43
706
591
908
535
210
939
990
577
691
190
722
778
378
90
11
251
462
987
306
954
335
50
579
811
602
721
800
633
955
164
469
215
402
965
849
934
734
551
157
24
86
794
220
215
304
401
597
445
383
410
826
371
145
118
715
211
87
397
89
749
919
169
705
478
966
781
150
780
756
596
533
262
801
165
291
413
813
771
783
696
815
348
47
986
595
520
239
92
991
663
752
154
567
142
955
251
530
287
836
559
83
360
466
622
882
264
436
11
684
776
629
826
689
904
468
946
10
180
405
592
46
613
953
220
585
317
966
66
684
187
773
33
422
517
512
958
845
837
335
264
862
972
852
855
38
767
198
736
79
51
664
580
391
199
945
141
428
964
796
240
981
148
491
43
200
39
613
423
132
826
654
319
837
940
208
436
95
196
198
774
486
918
430
99
35
461
682
847
908
656
789
476
994
437
2
124
672
370
561
496
566
539
235
437
865
186
262
552
302
821
188
465
450
102
3
526
322
837
400
214
142
194
891
460
53
328
986
451
449
427
38
658
649
292
643
860
69
724
561
317
237
669
20
834
454
814
95
142
250
259
597
560
393
688
191
378
422
934
397
721
583
819
94
21
411
816
809
803
59
684
668
830
917
514
839
950
900
222
27
727
89
631
78
605
937
417
968
993
15
42
523
352
388
135
845
868
501
538
404
564
38
813
719
233
696
411
413
308
46
725
261
483
328
962
655
327
175
477
106
754
710
368
171
520
583
98
638
221
242
886
653
733
236
546
796
13
910
171
403
190
356
909
774
585
76
576
23
199
21
103
967
985
54
592
244
969
501
891
4
897
605
107
525
981
49
422
54
576
115
877
266
548
868
528
895
263
736
134
59
857
420
716
904
843
112
921
763
593
272
32
755
192
103
699
235
548
466
929
31
9
622
123
906
558
544
567
220
142
715
414
906
455
90
160
348
82
72
502
57
177
617
855
560
959
951
941
575
259
135
539
432
285
473
470
708
559
546
485
659
211
775
226
898
835
973
454
367
957
859
416
585
15
390
924
401
204
685
933
912
901
381
716
360
789
64
639
128
799
248
526
528
618
76
761
807
284
289
153
215
328
619
985
567
82
963
276
251
475
949
147
760
743
321
534
728
705
653
287
273
602
570
479
640
105
590
571
14
744
99
325
744
303
888
893
81
399
550
217
752
857
36
391
955
631
728
477
86
584
702
463
131
289
490
65
663
853
367
775
737
886
266
967
439
949
781
278
472
324
252
644
358
870
107
537
93
21
255
680
587
580
466
746
836
495
485
371
443
592
821
390
491
888
125
885
521
825
771
251
36
844
203
572
294
980
847
216
676
384
919
115
896
414
978
216
376
659
683
949
380
540
374
93
575
508
393
803
528
473
654
356
383
535
487
182
33
778
359
293
694
521
524
223
578
203
970
727
415
346
571
677
772
850
314
735
619
811
601
448
961
767
944
602
418
439
184
951
868
497
31
195
668
377
104
671
61
795
561
373
475
582
282
828
177
550
662
405
361
50
396
589
940
249
440
173
870
971
649
648
672
667
471
639
950
354
481
414
208
379
395
563
657
107
442
337
546
456
957
22
558
413
637
909
651
715
170
453
304
285
256
288
257
13
136
488
765
894
829
925
696
346
813
839
552
769
875
417
970
363
408
715
748
678
936
560
937
76
20
522
324
980
566
975
360
355
318
336
314
856
334
654
485
570
351
691
313
167
10
500
806
991
208
277
972
881
35
811
814
245
447
882
35
284
665
375
850
92
862
717
808
784
516
834
278
342
424
371
814
620
88
20
635
353
361
115
684
982
911
535
335
363
274
516
889
125
690
536
235
455
80
134
277
471
243
153
224
539
890
503
833
438
334
211
4
972
770
791
157
954
239
995
779
254
276
321
733
553
187
611
614
997
390
445
447
17
228
227
329
666
866
581
704
49
746
298
761
37
435
222
679
504
996
486
652
161
168
658
532
889
948
524
998
556
155
473
162
946
358
165
426
757
423
557
708
190
662
255
135
514
112
63
237
500
852
310
101
439
273
270
643
864
266
711
601
833
151
625
275
725
297
87
969
985
709
395
213
835
285
114
430
465
237
188
529
88
878
110
655
60
97
611
40
884
844
608
619
365
714
151
288
8
845
781
293
188
361
179
461
286
684
780
916
848
230
605
208
519
547
986
706
695
234
380
306
918
845
779
983
876
669
990
536
424
782
113
681
140
325
755
298
950
464
384
417
488
159
148
277
179
828
10
642
301
622
353
566
843
899
321
33
420
521
310
224
550
224
444
306
913
928
101
650
941
532
545
434
821
570
250
613
241
945
63
576
154
185
825
195
180
689
814
817
564
660
893
211
588
911
60
170
72
718
69
439
885
435
816
877
562
232
266
996
510
483
882
305
574
361
840
168
787
563
652
913
298
756
11
402
530
307
872
902
960
628
628
133
662
10
817
771
812
832
234
841
81
345
550
244
5
280
821
681
426
22
725
201
105
915
564
424
551
92
694
763
919
242
317
658
495
622
707
154
395
53
407
802
15
132
774
486
188
874
948
564
757
118
375
291
60
154
791
309
883
454
512
718
259
741
211
447
714
836
728
836
228
691
158
512
989
120
677
898
232
940
388
536
760
323
421
342
369
614
745
794
5
794
999
755
50
713
691
418
10
482
699
959
719
524
782
558
184
851
759
956
363
666
71
4
241
777
352
345
233
156
448
808
576
7
772
431
97
339
145
386
505
768
566
696
774
24
61
979
877
901
383
800
96
814
498
262
789
349
600
859
879
21
924
332
583
649
9
739
361
42
744
544
324
977
707
452
929
244
729
949
454
928
710
29
351
892
635
498
118
672
590
619
680
579
491
708
164
169
84
236
246
39
386
132
185
217
469
398
175
138
221
329
943
256
162
474
912
928
831
170
13
946
652
954
70
609
639
665
391
188
129
349
65
768
293
30
150
198
906
787
896
557
375
396
393
712
897
391
1000
181
284
47
820
74
165
856
129
62
19
826
718
838
514
872
19
675
942
596
689
774
578
997
599
900
158
730
112
300
579
765
170
31
246
199
862
546
895
714
277
798
645
998
723
623
464
924
553
556
407
396
920
344
27
650
709
196
522
749
308
901
421
645
152
338
430
235
757
712
593
683
832
486
20
552
591
658
486
934
2
583
659
770
146
279
746
365
795
644
469
923
831
540
271
526
844
280
979
942
283
116
898
554
392
677
142
134
140
450
742
339
202
991
776
439
638
961
63
211
529
763
893
325
105
250
78
447
700
773
387
910
437
307
588
470
522
956
541
183
298
612
360
75
100
390
111
313
901
840
409
459
782
838
193
441
730
154
309
375
886
198
799
597
826
131
191
359
350
257
971
587
811
276
956
384
508
564
288
815
422
858
343
768
260
805
265
11
30
812
347
360
65
504
389
221
63
820
941
90
897
673
237
508
635
294
798
671
789
9
850
336
639
637
589
91
83
532
335
775
653
12
67
888
979
603
761
747
870
225
175
770
252
735
856
161
494
673
625
829
128
424
570
755
886
977
157
132
122
604
50
832
487
799
756
483
894
110
728
962
547
779
117
665
700
651
587
361
955
885
694
829
876
201
830
584
117
267
673
94
338
193
842
385
552
191
291
460
232
776
384
605
761
58
641
283
940
778
735
484
563
780
703
476
925
950
592
308
326
249
597
952
730
800
634
39
615
722
70
920
239
350
878
131
539
628
566
277
978
276
433
957
345
525
360
478
737
252
969
52
546
806
501
557
781
944
879
404
54
727
686
571
187
464
399
29
606
686
505
945
424
303
392
545
655
596
265
948
779
295
482
807
891
798
303
729
239
282
949
868
429
916
412
307
989
592
114
557
424
35
761
50
429
366
731
115
344
279
3
330
468
264
116
994
5
253
794
22
611
650
507
749
818
828
729
944
986
919
602
878
373
279
531
184
827
840
152
784
151
476
481
39
900
82
881
827
109
407
291
368
394
640
431
909
143
950
316
853
811
276
859
847
595
951
492
109
478
252
164
94
303
24
961
610
953
635
714
291
320
316
730
654
462
855
208
227
829
815
731
75
496
508
535
515
251
133
477
83
225
714
968
801
824
147
150
586
840
301
954
969
854
234
505
145
520
977
980
799
372
807
669
937
165
321
174
392
981
70
715
849
92
746
809
39
797
512
816
577
959
832
424
445
326
319
969
899
451
173
771
413
795
301
786
202
636
551
473
166
465
516
989
136
451
38
191
380
713
587
851
84
31
284
744
668
884
663
593
46
365
306
708
311
381
474
689
489
281
715
941
564
205
152
89
762
562
303
504
863
45
834
979
628
454
559
834
370
969
339
408
122
288
548
259
100
715
681
93
47
185
827
607
595
799
225
963
40
686
891
271
905
16
75
506
829
876
255
830
742
315
522
90
528
570
585
252
291
464
993
473
926
924
338
743
978
555
961
789
261
174
332
912
472
205
61
26
907
713
186
840
605
757
67
985
753
831
15
150
937
997
910
394
843
207
161
981
974
662
460
422
971
465
225
845
731
226
471
163
835
304
908
710
452
62
900
861
363
396
284
965
982
501
665
182
763
220
318
204
964
591
928
100
702
621
333
755
197
558
853
516
753
116
731
264
945
454
683
205
988
848
294
416
333
266
732
227
105
275
21
501
906
448
21
430
320
751
856
808
168
554
629
340
203
91
923
177
126
903
731
745
609
2
218
445
307
436
462
716
530
72
580
84
587
551
170
508
738
375
673
53
780
325
186
716
906
167
234
904
545
495
717
694
215
884
980
209
715
105
50
675
550
136
389
79
264
212
290
737
901
832
101
212
186
900
64
102
669
888
896
344
630
270
490
534
564
404
11
122
393
419
293
664
830
223
123
945
777
177
83
411
105
129
549
613
26
231
621
35
362
610
387
579
709
162
538
761
214
235
577
276
707
986
996
515
894
957
51
615
845
790
997
565
493
51
179
536
139
537
330
140
249
133
675
615
819
193
680
176
791
566
678
872
616
366
241
124
27
982
222
810
515
430
991
552
882
224
211
119
32
51
447
572
289
2
669
265
578
873
610
197
946
579
180
605
530
582
247
705
715
71
953
390
873
589
851
841
474
137
206
280
262
172
565
769
855
836
902
250
828
334
635
507
49
514
609
114
967
524
113
638
255
886
507
496
891
596
342
753
967
305
941
510
843
529
850
916
791
374
557
351
205
35
424
173
483
867
740
295
907
324
707
345
992
304
838
467
217
193
37
101
835
228
149
856
213
112
324
398
11
526
122
939
945
121
36
148
541
692
6
822
781
464
183
298
263
303
838
278
539
411
168
261
106
1000
486
25
238
975
6
489
928
131
315
835
659
5
367
357
181
716
556
522
491
569
201
38
618
967
367
868
853
902
18
326
947
373
917
882
258
92
663
17
757
756
901
774
752
536
5
798
107
729
478
600
19
867
992
625
378
120
912
82
719
113
164
281
214
918
294
394
124
671
431
57
218
367
512
446
654
858
158
873
781
156
782
823
219
430
583
649
407
255
761
135
948
713
82
201
109
739
599
748
629
434
173
309
715
77
43
775
828
627
202
839
343
633
254
717
113
950
356
18
213
32
492
557
845
356
606
433
665
561
795
599
4
296
981
699
919
216
571
896
738
445
174
225
187
579
110
582
292
880
253
488
187
953
364
323
406
297
376
698
604
660
196
252
590
188
824
681
239
180
496
492
574
885
846
913
561
917
435
810
201
994
478
987
312
485
938
522
135
768
764
156
394
3
626
38
792
577
139
569
325
795
582
865
774
52
805
678
219
459
173
861
683
229
697
3
374
428
378
478
83
524
291
280
814
588
565
847
151
609
841
208
744
278
944
426
688
453
480
470
164
748
565
615
946
925
115
343
54
288
85
157
243
484
824
578
883
939
758
756
592
43
273
827
37
989
794
757
538
704
364
954
970
759
672
856
460
860
4
919
214
2
305
970
543
15
912
643
393
361
798
662
371
220
559
315
697
822
715
66
677
644
371
538
421
644
891
794
64
21
601
322
632
907
792
648
152
813
829
775
356
719
973
83
169
680
539
593
341
248
879
764
43
392
609
557
147
434
989
234
674
117
471
380
93
551
714
588
991
21
368
491
385
661
155
184
300
802
21
834
6
260
20
99
224
581
374
706
526
184
809
237
933
975
102
182
235
341
332
779
315
764
908
908
203
195
272
824
483
855
591
922
141
829
37
642
556
919
773
969
152
831
923
63
80
175
153
902
723
884
376
241
896
833
667
13
839
88
723
94
34
100
607
446
184
4
126
809
885
667
826
582
924
863
364
852
230
88
510
194
325
833
839
7
621
906
638
172
816
437
548
838
939
649
280
110
407
450
487
140
178
319
998
162
597
109
805
388
812
8
78
540
332
369
982
142
446
11
459
302
303
925
318
943
473
603
981
342
437
259
184
132
598
694
243
878
949
322
628
982
858
554
542
3
818
833
689
445
83
746
334
152
633
94
387
909
377
715
14
113
249
111
997
648
1000
328
42
753
39
514
479
572
818
696
646
835
112
425
778
752
644
890
165
641
900
188
898
946
463
66
799
994
872
273
645
227
581
85
182
925
106
388
363
438
889
535
555
485
359
916
2
566
585
295
867
97
807
500
838
588
385
349
621
841
796
905
493
753
243
575
995
250
24
433
771
313
658
563
481
174
546
942
783
507
705
157
448
463
890
191
954
985
670
801
415
149
260
377
348
353
764
283
379
554
523
498
160
383
318
68
797
591
776
881
770
792
467
95
27
201
382
332
740
361
573
923
621
820
328
744
595
856
735
523
932
69
547
470
278
501
556
624
946
403
56
145
893
472
880
492
508
327
237
128
910
750
83
963
779
887
103
770
737
491
339
138
988
839
682
183
683
930
641
750
814
414
42
323
241
448
600
316
136
591
261
67
714
450
542
185
758
967
331
795
536
372
318
143
412
47
79
764
843
756
806
799
427
860
392
27
449
544
305
623
920
774
581
878
764
299
790
792
600
197
502
550
40
764
356
920
286
410
334
908
923
491
960
15
834
32
918
73
500
902
890
655
990
622
293
817
61
950
778
797
577
575
508
902
374
971
437
76
8
297
274
949
669
337
533
431
110
186
144
978
709
210
322
893
752
13
792
479
221
406
884
923
124
598
961
178
770
92
278
222
221
209
888
646
419
43
2
879
223
222
764
743
78
208
943
562
396
719
757
389
261
304
684
217
930
347
794
573
104
795
235
59
105
180
109
221
31
373
378
460
953
549
512
284
329
774
190
980
367
450
347
227
475
851
847
858
113
744
52
471
465
257
778
18
197
398
126
585
725
325
414
13
130
454
52
474
200
397
150
773
229
582
975
218
639
983
942
407
950
38
111
150
935
962
266
507
630
834
732
853
559
302
965
455
320
748
537
171
344
385
671
751
505
18
339
34
249
634
829
829
966
302
856
787
793
339
195
707
272
224
289
14
369
222
615
305
643
406
291
861
500
724
113
94
366
718
365
633
226
119
586
152
941
789
840
217
265
356
253
494
685
298
802
365
20
291
101
733
729
454
530
544
1
86
569
824
589
395
581
960
980
408
169
232
792
330
217
836
975
436
314
575
698
555
168
587
168
323
661
771
800
799
327
620
488
776
571
243
479
745
456
89
69
732
338
376
195
786
801
81
185
892
13
540
965
720
223
830
374
737
250
722
236
623
3
696
693
221
171
832
287
848
979
623
536
366
650
925
753
53
114
751
900
919
426
1000
46
289
455
516
601
719
84
651
293
274
974
918
786
280
470
798
905
192
318
183
766
863
87
474
631
630
279
340
759
604
685
468
199
999
36
780
566
624
823
927
18
818
793
423
993
389
173
174
335
957
904
834
543
196
974
259
447
181
159
770
551
887
996
114
629
857
211
189
774
698
828
58
529
92
938
156
272
659
611
43
944
724
284
149
700
44
388
296
998
504
547
758
181
338
983
914
275
73
822
264
128
5
644
841
546
519
7
44
527
43
876
219
376
739
678
411
15
776
409
228
25
262
106
191
67
797
520
270
254
141
786
229
844
27
675
694
363
639
452
46
641
824
457
832
724
246
610
127
205
192
682
177
504
105
367
714
654
695
754
220
301
546
379
560
483
147
640
659
312
788
885
428
783
266
117
24
14
301
829
887
968
545
154
529
343
290
152
750
677
578
904
694
594
378
828
8
934
693
776
326
455
698
232
874
136
634
155
234
928
369
544
336
646
239
744
989
206
917
58
305
834
823
893
26
79
195
464
178
495
434
902
988
682
446
721
216
596
639
397
716
304
128
506
330
433
413
490
255
492
738
432
22
657
810
765
272
452
125
820
211
505
104
914
742
318
597
567
102
370
936
196
903
801
739
562
650
937
897
690
748
575
136
574
174
277
441
425
61
280
201
49
268
350
577
966
130
716
268
469
129
651
224
215
935
202
932
976
730
435
333
295
55
455
734
530
598
8
454
174
604
279
329
482
837
526
943
181
895
735
131
567
370
318
166
198
363
838
844
24
433
3
963
379
618
533
42
315
297
318
850
238
501
569
933
932
552
355
51
385
35
127
613
581
604
613
781
652
551
524
940
266
714
928
681
100
300
287
900
722
862
692
980
452
340
971
600
912
205
898
720
507
604
297
251
551
265
833
330
831
478
810
232
90
142
774
80
663
576
534
142
638
147
710
321
347
751
806
638
45
555
881
984
851
596
34
61
796
91
511
600
359
484
843
187
767
796
679
282
156
921
331
644
727
476
772
630
218
248
203
425
74
401
575
330
829
965
993
811
831
695
505
756
968
523
368
862
255
813
737
688
940
770
756
714
31
878
34
119
528
172
181
760
666
718
525
440
489
9
152
926
246
217
221
149
417
241
560
752
797
499
74
612
649
602
525
573
70
817
434
316
276
817
858
437
229
850
952
902
387
219
420
181
719
208
40
428
301
530
59
246
100
657
598
440
387
845
553
581
654
24
845
149
772
347
366
495
476
389
889
482
208
129
531
973
452
302
988
338
303
727
937
565
111
819
233
643
373
930
941
817
569
747
807
750
286
384
429
445
543
9
99
277
722
817
173
794
348
751
234
190
825
757
208
451
182
588
640
557
442
770
807
108
142
247
792
671
882
997
377
486
248
315
549
38
379
278
538
812
65
856
503
974
597
99
991
943
126
228
716
111
799
601
525
71
389
950
666
43
15
135
858
694
466
698
26
689
72
644
167
390
124
484
708
817
805
891
413
926
580
195
972
283
113
96
613
181
716
959
913
111
402
104
769
870
853
599
744
375
464
332
751
323
356
444
133
53
771
49
775
946
181
890
550
703
216
716
776
769
737
260
176
468
155
735
118
691
7
124
439
664
679
21
356
339
95
454
912
656
613
557
807
169
24
305
118
335
457
610
186
595
444
591
436
581
831
690
981
587
32
543
536
648
747
861
488
295
199
909
337
455
326
937
68
588
342
930
175
856
17
980
516
568
123
910
132
688
662
283
406
345
675
639
587
471
394
842
694
55
670
886
129
646
237
632
502
507
333
911
42
629
794
321
795
551
392
854
2
1
656
601
747
240
68
365
741
106
50
548
810
410
346
965
160
104
511
899
272
377
128
575
840
458
538
500
398
307
416
219
931
36
597
385
478
129
931
76
724
286
484
498
368
513
535
44
675
895
623
545
893
946
401
949
347
4
847
836
562
816
353
410
136
717
316
476
848
576
164
944
71
992
867
496
651
625
457
873
265
237
887
927
616
554
507
640
440
300
659
752
317
758
551
86
157
381
584
166
224
390
906
339
678
692
965
949
655
234
661
375
623
160
494
873
564
398
128
665
389
73
557
847
978
397
662
968
272
397
211
746
532
748
477
472
855
773
102
532
843
539
729
260
737
263
215
724
61
543
138
786
802
883
894
48
814
633
527
835
771
818
41
143
140
20
325
777
391
71
608
321
738
110
724
563
196
776
533
304
329
72
972
509
244
544
503
450
993
14
642
518
414
928
403
759
892
110
471
365
493
954
260
292
997
337
879
597
27
904
173
214
36
557
77
142
102
738
698
456
248
71
132
483
686
273
672
210
66
590
608
776
237
6
87
31
882
527
465
69
282
410
22
670
450
417
577
953
768
655
799
571
499
663
504
947
10
212
221
212
250
545
131
725
739
559
531
468
532
179
370
625
821
827
462
814
156
566
668
50
950
525
57
540
467
39
281
825
39
818
895
624
435
768
859
721
883
231
804
88
934
234
865
512
677
286
444
621
15
256
561
598
504
94
91
301
677
452
796
284
944
517
493
817
341
210
107
224
886
947
378
480
475
466
351
561
531
18
444
974
245
994
814
702
391
517
73
224
236
156
474
971
781
1000
429
709
47
400
911
200
689
340
594
842
662
436
823
560
316
779
481
401
860
497
170
701
831
613
578
54
704
484
404
425
671
878
891
421
102
664
538
727
676
901
930
491
143
397
176
726
847
924
851
369
180
367
134
498
171
226
85
334
456
186
128
904
441
765
480
330
591
495
449
167
801
979
509
453
80
612
462
434
430
304
824
257
727
697
198
534
203
277
619
769
90
796
575
363
174
789
345
242
820
464
33
201
736
110
280
407
43
815
457
350
7
708
266
510
103
989
16
515
981
608
122
664
544
431
823
652
446
43
550
971
841
529
777
933
468
877
311
130
9
378
598
785
850
650
119
223
534
578
580
141
178
782
998
665
655
126
726
170
770
992
781
656
798
978
473
96
264
187
233
718
279
866
371
640
485
110
173
477
455
504
421
579
725
888
858
275
753
869
855
931
888
57
153
721
503
210
806
164
831
165
526
641
682
124
886
232
950
516
756
449
430
570
166
532
363
487
179
134
764
353
28
387
543
422
116
938
903
284
364
33
923
449
976
432
735
70
649
908
869
144
759
598
32
731
693
346
434
682
666
939
447
766
139
639
102
415
371
85
157
41
752
203
749
827
452
212
626
927
819
987
788
373
358
893
241
642
155
939
878
497
880
68
403
782
59
150
588
130
524
635
276
716
136
195
80
918
300
688
423
328
413
242
872
409
879
446
723
790
536
721
298
195
760
586
383
736
460
522
65
112
444
68
873
566
963
505
343
989
806
797
345
947
217
21
707
875
515
970
607
538
649
961
63
454
537
385
669
202
681
716
788
690
828
999
594
530
725
588
421
941
392
673
834
59
155
552
193
116
560
953
785
521
632
231
588
331
559
586
642
756
74
881
956
312
288
145
591
845
622
174
595
257
870
519
936
200
126
978
815
910
435
546
511
274
931
564
971
823
144
699
58
132
33
885
580
187
956
743
474
215
34
724
939
917
791
53
577
199
50
908
19
396
853
551
285
682
377
554
331
434
214
29
178
419
555
337
534
876
343
490
287
870
881
646
678
92
813
284
521
769
241
843
531
195
806
126
394
692
534
840
608
342
957
469
213
681
369
771
140
528
409
874
236
743
648
368
655
979
51
312
36
654
222
441
165
60
30
535
886
536
352
539
807
32
477
80
386
671
490
575
247
685
132
96
819
919
557
376
718
459
683
410
119
119
474
10
768
632
232
682
119
407
312
555
594
180
220
581
943
918
674
584
864
725
947
806
134
477
571
800
373
412
780
785
831
926
220
204
691
661
45
627
41
755
617
121
668
353
616
292
554
828
668
612
598
792
24
739
904
80
880
926
344
577
391
781
184
768
207
66
176
117
219
683
910
979
36
863
586
77
19
587
681
149
542
873
40
816
610
936
157
50
814
565
216
373
312
669
682
696
9
693
914
536
22
584
143
620
183
380
264
627
796
666
14
585
429
810
122
399
235
243
987
865
972
853
808
299
968
7
652
44
634
756
780
343
657
148
269
665
671
664
183
966
396
157
217
117
742
580
4
942
471
821
67
211
424
436
677
294
119
140
956
931
722
95
976
172
535
196
298
112
207
324
368
199
721
142
825
220
822
426
655
891
583
510
160
419
648
323
568
607
695
888
635
958
978
921
770
827
704
502
707
42
164
10
695
938
52
447
363
201
295
3
404
425
377
345
79
171
484
373
675
631
40
162
677
324
336
348
869
176
369
236
14
582
166
252
285
284
412
552
156
222
472
89
144
850
476
260
478
492
837
507
257
306
515
627
826
355
929
373
706
832
852
480
871
471
800
474
907
792
132
639
757
445
902
819
71
802
31
50
286
822
671
330
107
449
842
460
589
874
947
329
256
610
234
789
664
948
955
795
743
269
990
584
206
582
689
268
697
331
81
996
40
444
285
735
449
371
910
979
614
55
508
409
851
788
710
38
333
456
68
934
153
438
402
89
745
759
703
801
243
532
973
194
531
408
378
679
265
381
648
755
333
160
203
647
374
822
89
331
762
391
505
435
933
615
503
509
700
181
281
765
440
823
480
777
930
219
743
736
620
864
471
994
192
920
906
437
506
215
432
980
427
607
62
770
863
427
242
935
305
153
61
154
602
216
200
219
499
279
903
819
90
164
491
606
464
607
958
705
959
781
367
596
877
739
824
472
85
65
613
36
455
725
740
508
833
114
752
637
862
429
948
363
195
38
693
11
353
181
209
931
941
79
766
502
153
812
503
854
476
171
350
663
833
493
555
745
824
620
797
867
753
760
651
497
3
13
378
2
453
562
957
959
456
397
164
791
811
539
308
796
701
995
77
295
765
906
870
303
87
95
819
19
26
299
838
987
63
218
990
461
164
109
204
928
511
582
83
796
730
717
949
62
505
268
530
839
305
479
180
852
356
168
849
706
183
325
11
408
861
346
343
9
740
968
279
186
93
433
903
720
538
301
314
341
764
512
274
549
143
772
905
9
504
917
751
455
752
445
630
332
541
287
213
932
803
400
100
28
351
358
692
810
269
510
764
749
358
921
397
653
405
278
560
240
533
493
803
653
804
884
385
181
100
639
245
676
669
576
518
400
216
503
509
149
340
615
142
908
865
558
537
272
818
447
837
307
576
246
524
587
748
875
772
925
453
953
514
602
961
448
663
72
756
4
226
691
533
474
477
633
711
969
246
231
424
305
505
767
469
251
42
106
468
324
296
139
505
889
512
482
772
266
275
677
942
596
240
960
795
859
983
716
436
390
663
468
851
474
372
578
126
15
18
113
596
416
233
750
951
799
795
735
65
794
304
861
833
673
944
323
889
195
806
695
234
261
463
542
132
555
389
417
280
410
824
781
316
490
994
71
84
340
652
886
727
491
100
120
557
415
87
963
179
350
102
15
193
27
926
940
704
681
949
923
51
380
852
710
279
57
842
3
89
883
708
250
94
405
261
354
258
744
245
742
439
206
484
123
561
851
91
627
637
527
424
934
975
717
638
341
962
841
607
65
188
768
941
648
939
439
248
519
905
10
838
802
781
784
45
729
982
692
222
993
697
324
704
360
546
979
159
620
141
477
852
760
361
917
965
676
392
50
505
255
256
263
532
206
39
41
158
272
751
861
634
596
441
987
129
140
953
618
351
882
637
65
589
836
620
247
519
532
34
537
188
676
55
48
743
149
250
943
619
803
807
413
722
564
619
129
228
707
51
49
181
618
971
899
11
546
56
697
948
259
16
805
338
881
386
24
505
833
305
787
335
95
47
569
991
943
257
399
67
462
477
745
454
84
86
822
967
715
188
487
978
274
80
806
600
22
634
964
286
513
103
675
33
213
944
414
365
647
550
571
980
892
500
465
12
43
966
558
27
128
279
831
596
799
594
382
863
156
648
838
796
731
431
709
990
392
443
248
992
442
429
618
135
662
310
669
211
592
881
315
392
235
832
404
100
666
256
46
732
81
472
160
454
938
402
746
388
463
721
263
494
163
159
7
605
175
748
300
466
770
863
837
749
642
242
466
921
548
34
536
264
448
447
396
898
480
94
920
340
446
349
234
450
627
187
634
543
710
718
204
382
217
613
405
33
730
394
931
946
56
333
737
591
474
78
230
296
22
993
991
731
874
319
925
561
22
123
987
496
929
621
374
518
259
551
279
668
307
146
380
604
359
886
613
134
188
556
972
896
370
386
89
966
111
535
728
955
668
642
852
266
386
719
170
216
17
353
990
369
174
55
432
47
253
609
96
828
968
366
591
922
132
599
847
437
443
505
408
746
511
558
940
604
988
578
372
102
951
932
354
446
562
162
352
600
775
70
602
167
794
218
304
336
346
732
465
94
103
395
883
790
673
72
277
639
733
892
289
534
33
672
259
227
909
101
452
758
753
345
310
614
319
499
268
680
284
35
695
953
900
866
294
611
994
547
256
109
564
22
105
942
948
551
728
310
993
766
656
908
470
728
1000
366
947
435
404
243
822
946
306
896
664
578
626
677
856
410
656
424
58
69
32
235
412
7
494
522
272
300
871
514
426
603
620
594
178
987
531
892
817
450
497
809
921
892
480
704
33
717
538
131
324
205
187
235
129
168
472
487
646
740
777
397
531
770
740
517
453
620
576
97
113
577
194
624
280
358
589
530
440
616
125
562
652
649
985
615
417
390
94
524
799
683
273
54
97
991
331
741
749
190
656
247
429
267
983
383
137
376
332
836
381
83
261
606
222
562
747
171
370
255
897
924
177
495
773
16
498
927
343
27
320
28
825
892
932
441
738
172
78
486
51
205
159
449
241
641
754
335
180
507
208
778
385
845
913
581
39
850
888
120
874
263
508
973
70
640
94
206
569
885
250
897
996
499
131
494
34
459
905
537
112
971
646
308
458
820
725
596
736
318
614
23
449
590
781
907
628
103
578
811
669
641
584
762
90
780
871
597
893
277
898
158
106
737
78
335
528
386
672
478
400
33
307
567
355
552
515
395
582
187
765
615
165
475
448
706
631
242
439
676
314
30
541
623
768
435
211
493
224
806
957
931
460
128
524
243
939
774
340
895
316
814
199
848
492
588
930
346
511
55
960
538
619
848
684
675
846
720
827
124
571
717
441
572
712
953
897
488
87
343
945
576
724
369
89
748
168
895
918
813
849
126
658
90
432
67
573
619
876
950
403
980
700
674
669
211
327
50
731
183
187
975
786
17
907
673
94
71
543
708
579
110
172
313
209
324
387
707
402
652
325
576
606
328
236
949
643
882
995
977
664
216
128
337
919
146
198
672
55
478
21
844
625
880
22
577
198
806
759
297
73
330
45
250
729
200
191
150
861
37
663
597
415
45
428
284
901
434
86
888
581
482
636
522
436
973
556
630
329
926
463
353
667
359
796
525
501
612
233
995
245
183
670
888
140
563
496
904
681
445
974
396
771
668
611
137
971
766
102
107
492
166
396
347
66
451
909
501
579
575
500
332
442
700
488
872
437
209
427
97
312
257
906