470
969
354
343
874
176
732
572
594
669
79
375
40
494
619
441
560
740
590
462
622
801
211
760
287
832
888
269
13
461
265
152
690
807
896
236
434
874
956
136
361
323
276
80
12
246
238
695
413
83
290
94
583
779
723
105
741
615
29
971
328
265
647
853
905
55
61
644
250
178
893
323
304
443
466
219
829
107
284
974
967
123
828
69
604
410
447
385
79
690
751
787
815
710
765
633
365
392
145
235
509
873
275
592
846
946
416
355
984
489
935
116
12
252
599
403
798
970
105
491
335
530
846
120
404
679
135
449
379
347
60
621
645
589
219
508
825
739
845
464
913
935
820
606
31
107
630
254
806
887
178
111
807
976
799
985
276
673
692
693
449
597
839
761
853
327
928
162
391
351
187
561
141
75
403
802
70
430
838
329
418
826
912
255
90
484
134
698
625
516
541
359
70
370
175
852
192
672
478
324
276
19
581
29
252
14
812
307
501
983
948
216
334
474
400
561
740
662
413
360
631
295
164
842
98
619
81
98
431
953
643
92
445
19
60
788
933
335
509
133
565
922
397
773
234
445
517
678
375
821
37
174
166
475
117
940
830
667
472
905
184
207
56
198
293
553
532
878
313
691
146
359
20
184
825
519
414
15
111
785
927
780
398
660
354
944
165
401
162
80
478
607
61
468
520
555
236
994
694
305
872
935
511
840
65
466
819
32
678
214
264
84
362
557
707
117
357
767
490
966
190
264
768
626
988
934
201
323
838
355
762
208
795
446
253
290
878
855
843
569
73
735
720
854
738
685
270
817
205
3
232
605
433
934
721
86
172
995
944
771
845
996
290
361
235
949
323
548
336
769
752
197
147
978
891
571
523
158
506
980
410
581
768
110
106
113
98
764
206
233
946
901
161
278
515
303
139
252
942
473
941
855
127
855
672
1
331
28
763
872
391
200
743
946
780
837
846
856
312
101
168
676
807
911
856
473
71
581
426
465
941
472
135
928
741
112
292
149
821
17
71
606
279
363
144
138
533
439
799
270
549
719
293
505
104
154
583
797
206
583
740
772
322
733
894
186
713
448
780
756
963
364
192
699
907
229
635
987
234
418
366
841
290
852
366
159
501
422
354
856
974
890
607
551
918
573
699
548
162
645
454
595
540
744
148
772
956
698
319
162
489
260
505
731
349
769
500
582
776
789
675
925
765
77
680
770
208
947
34
978
503
879
159
257
449
309
518
988
765
911
818
433
50
580
924
144
861
949
321
695
636
267
235
547
354
302
711
647
886
278
999
207
851
964
526
990
241
662
990
129
797
775
313
946
30
402
981
274
890
608
555
557
676
118
663
679
65
400
627
276
575
77
428
428
677
230
482
143
876
450
768
875
685
239
414
156
335
165
402
546
207
838
16
412
541
571
67
33
364
944
129
926
315
571
137
325
716
393
1
310
11
354
729
104
162
979
765
551
983
200
606
659
181
452
326
412
579
555
803
392
202
427
822
930
238
957
174
749
2
340
816
812
249
746
249
593
169
420
466
264
133
908
338
112
784
907
116
22
391
471
40
351
893
330
756
952
811
309
349
747
175
290
82
887
874
758
105
962
599
804
214
945
467
66
320
652
15
403
932
597
837
71
521
838
585
659
972
878
554
463
993
294
709
504
345
470
5
240
506
339
830
432
318
160
915
139
343
707
514
596
882
746
104
578
947
50
783
554
476
926
1000
567
636
169
731
508
773
270
208
938
496
657
782
949
135
595
275
766
870
341
347
312
766
384
57
529
718
683
526
721
834
124
381
585
610
941
188
870
741
810
67
616
174
609
733
11
97
112
566
866
513
173
745
547
483
284
82
205
712
66
311
593
113
611
628
107
279
257
850
544
390
690
373
303
496
721
40
165
281
99
560
604
828
801
635
38
723
638
857
756
755
339
746
970
438
261
32
130
771
134
105
496
557
376
485
847
720
441
5
695
203
239
155
228
214
931
680
181
45
360
442
410
632
245
501
607
520
164
432
852
575
756
365
633
986
89
125
132
188
182
141
834
14
282
59
884
798
663
787
634
812
287
311
357
502
3
604
180
631
707
259
474
291
396
402
423
111
829
793
136
705
860
47
419
597
720
769
620
954
366
674
354
706
329
571
336
738
878
459
544
675
995
973
164
125
46
187
722
420
533
456
246
867
285
251
266
907
403
280
590
522
50
669
535
48
282
76
427
288
766
448
28
906
517
29
216
507
507
270
994
265
585
692
862
934
729
653
518
53
267
782
440
657
694
514
135
260
967
16
45