871
907
185
144
849
991
78
594
904
392
827
462
432
925
803
896
858
87
564
248
113
922
994
427
354
793
595
234
510
708
618
520
172
920
231
839
790
472
634
130
547
444
929
905
376
560
941
894
839
415
641
680
623
659
233
612
914
369
529
561
551
708
321
861
781
343
53
451
467
88
997
777
368
297
971
588
7
633
874
381
432
547
86
133
822
836
924
763
705
642
573
89
120
910
968
978
182
718
374
695
23
281
790
236
172
954
778
877
35
761
223
158
284
979
505
857
890
171
424
594
41
277
875
624
204
800
447
778
448
481
990
983
95
479
215
756
579
471
100
216
327
595
107
978
768
886
368
592
966
326
309
403
474
567
364
965
128
276
645
5
281
849
301
594
225
872
827
178
707
391
436
86
493
635
516
846
457
35
750
8
47
542
194
599
28
971
467
620
41
983
452
701
673
961
509
281
411
910
904
283
245
641
984
371
503
109
874
936
898
685
225
535
256
23
455
334
723
751
390
294
922
6
3
55
288
819
987
822
913
375
917
825
340
952
701
864
360
884
245
667
483
148
649
862
738
86
855
401
690
800
783
622
665
314
740
940
537
784
549
801
73
13
69
883
329
548
861
712
760
433
987
321
561
303
581
234
735
601
564
48
671
269
769
140
393
808
584
178
1
547
229
698
80
253
417
148
949
13
527
730
157
28
731
128
267
53
519
56
268
858
872
179
620
699
892
751
997
966
302
943
306
967
666
403
518
238
794
742
702
126
563
673
950
821
510
96
109
992
417
463
255
497
733
907
555
548
934
548
435
488
953
253
731
12
885
843
215
213
387
700
554
614
519
774
856
260
809
723
384
85
915
975
125
492
907
70
107
444
475
295
457
739
39
819
317
839
675
394
498
241
508
97
14
838
207
602
866
218
776
733
233
510
762
736
874
165
153
314
964
217
937
150
520
853
756
765
130
720
417
613
938
49
418
169
614
61
795
758
102
831
190
490
814
156
89
161
660
72
719
586
978
260
942
310
163
34
748
434
605
523
364
115
69
719
169
587
527
352
281
144
637
208
637
749
837
777
932
762
558
540
422
698
269
275
292
454
250
745
847
506
921
743
513
762
345
473
697
651
263
236
712
333
988
538
225
912
109
557
878
879
794
932
167
215
847
964
802
922
540
616
956
415
870
446
223
428
123
327
862
320
145
765
520
100
65
455
528
407
507
17
897
930
811
889
716
102
981
502
911
56
849
724
398
707
989
790
360
591
942
928
213
284
747
489
370
307
793
315
967
638
351
114
640
351
226
175
333
89
483
111
812
886
890
54
993
39
694
650
242
448
341
748
918
250
86
79
351
535
302
670
38
408
212
552
202
830
440
996
825
353
677
133
830
992
125
336
20
578
998
515
127
563
530
925
590
39
691
761
453
290
894
13
106
347
859
561
495
869
146
355
362
760
487
307
643
691
437
667
819
366
220
865
679
818
684
577
832
997
842
501
526
788
104
716
389
183
740
98
387
250
491
606
13
276
485
640
337
791
665
373
369
841
50
158
377
486
921
698
718
212
100
801
166
258
996
209
901
428
583
454
930
142
982
103
181
904
578
390
585
504
434
442
351
167
928
319
157
378
916
404
537
29
345
174
282
204
863
430
246
801
358
840
536
597
304
138
931
134
727
630
671
220
712
679
761
467
301
715
73
663
455
167
376
479
184
149
738
603
984
82
923
163
581
690
626
616
521
644
979
663
643
199
275
27
992
49
313
697
32
551
631
245
369
140
603
17
715
925
586
508
453
815
598
540
155
896
262
353
115
156
518
871
815
1000
751
133
51
675
76
270
660
924
655
386
18
546
495
852
494
170
907
735
341
847
361
572
958
842
160
501
675
126
991
806
374
611
879
166
40
622
514
392
969
709
838
954
705
74
648
697
945
791
196
937
372
218
205
454
140
663
908
256
310
835
980
558
60
580
690
283
607
172
743
310
868
846
923
243
742
646
890
80
570
221
815
635
104
886
807
851
895
416
778
783
170
945
11
525
408
494
212
367
840
794
929
395
210
798
247
960
882
986
123
898
31
820
903
948
218
45
736
461
459
583
700
672
305
678
367
985
549
718
996
152
490
722
121
278
924
348
55
516
235
607
85
55
276
950
445
145
791
59
29
231
118
451
689
764
62
636
905
973
212
37
698
742
528
933
809
827
618
138
639
761
395
389
755
879
106
823
570
789
960
877
219
137
78
921
427
154
560
536
620
455
594
744
964
426
700
581
339
329
291
69
640
601
333
758
924
941
842
546
145
523
462
490
78
304
901
770
647
215
991
681
434
609
414
270
545
129
395
988
498
243
334
284
208
13
52
142
573
569
675
639
295
140
265
759
423
913
555
143
968
760
529
514
973
637
494
566
617
435
760
935
575
341
177
155
384
712
80
576
128
313
2
864
473
388
183
128
461
286
290
617
446
843
179
756
458
84
848
251
324
788
145
499
777
676
340
534
25
312
439
874
203
932
715
531
629
248
900
427
331
486
952
201
891
126
764
230
249
997
662
185
860
206
334
958
152
976
647
444
573
628
176
338
213
946
41
161
908
515
900
936
107
81
216
153
541
640
346
565
805
85
587
182
331
825
557
161
220
165
559
434
191
200
531
483
733
283
896
780
729
883
841
723
748
390
138
46
660
397
100
406
869
489
335
242
830
30
712
758
55
800
597
992
260
912
321
648
769
618
882
920
175
739
937
105
228
257
469
850
804
850
380
82
394
259
432
239
275
966
971
279
758
188
941
148
758
573
101
437
24
743
2
879
292
524
461
726
405
733
431
447
612
216
439
975
495
483
101
410
675
20
322
571
889
615
486
661
891
791
239
247
354
443
119
484
625
20
494
304
248
174
898
594
579
464
379
464
482
340
110
998
653
957
678
53
668
161
22
173
381
260
425
219
286
140
140
525
116
324
79
311
881
166
157
850
56
52
13
257
500
690
724
434
671
680
670
922
328
270
107
69
781
330
395
238
346
672
896
742
957
172
400
785
595
896
962
558
684
747
56
739
575
745
58
415
230
741
153
202
945
946
48
558
919
302
102
875
989
886
776
638
580
931
784
82
944
487
973
62
490
726
602
843
103
581
375
920
724
68
316
98
396
102
676
705
188
797
589
390
389
821
717
240
32
143
216
980
941
41
298
385
150
468
460
246
69
964
196
895
475
443
646
343
141
552
51
974
53
466
247
792
540
72
117
46
695
968
489
93
918
433
951
52
369
392
584
431
488
355
94
360
631
882
457
374
11
136
531
192
156
918
675
943
926
659
437
221
334
160
11
214
893
612
760
737
778
203
886
356
587
189
409
649
493
232
873
992
570
534
926
831
125
195
836
951
303
381
975
826
412
39
444
578
408
921
723
516
546
98
978
842
810
960
981
868
438
631
109
85
138
199
420
988
947
84
466
555
327
501
476
707
360
76
430
756
139
302
338
251
224
659
682
467
764
674
831
92
405
124
550
194
240
613
557
768
373
536
307
482
242
362
469
112
763
223
747
787
992
505
969
212
297
970
364
981
21
714
574
106
160
413
110
621
863
857
992
419
365
563
96
48
44
46
957
478
516
261
340
656
468
398
955
7
142
434
379
536
591
688
16
731
99
196
840
653
314
209
571
521
943
897
103
175
392
913
245
868
819
74
947
88
600
721
60
840
750
519
987
304
651
454
862
84
508
744
585
567
16
822
872
866
229
349
919
797
833
274
294
252
975
577
341
550
512
493
380
61
515
897
677
184
50
734
641
413
607
807
982
710
269
523
51
656
974
818
114
833
983
943
611
518
626
780
716
666
352
448
205
729
155
951
947
945
266
501
151
244
237
905
623
344
493
186
756
234
607
993
956
265
304
806
931
185
393
425
366
711
510
206
697
422
421
167
836
478
720
235
551
839
720
641
957
108
351
672
131
707
8
649
376
380
438
632
64
529
464
862
33
273
256
504
143
381
550
555
84
866
585
502
625
231
710
617
978
252
978
884
806
882
690
778
22
794
941
455
838
648
655
315
423
612
217
529
446
95
733
256
484
324
687
300
303
409
19
238
587
285
590
36
355
916
776
713
258
102
312
610
969
837
352
746
333
997
9
60
719
133
325
655
712
48
279
199
558
504
690
805
375
530
581
702
292
953
127
140
589
533
443
805
134
860
474
200
986
4
675
811
975
798
783
41
521
55
365
541
42
218
315
99
733
183
277
942
910
119
637
644
286
437
97
289
87
8
436
84
112
884
646
394
574
807
843
704
757
568
176
801
603
494
794
278
179
207
167
72
551
73
380
824
904
126
4
655
219
815
303
577
449
70
676
80
832
754
766
150
420
645
100
360
674
232
977
604
465
227
935
457
148
344
391
822
769
467
159
460
802
210
696
916
155
764
29
712
279
778
791
178
538
162
533
986
936
991
730
51
827
499
25
524
985
113
692
538
290
501
724
666
592
356
318
110
940
294
792
94
134
246
204
328
816
902
681
383
372
346
724
526
158
449
700
658
674
978
363
356
4
293
399
446
562
732
989
74
54
740
599
482
287
426
952
987
584
97
412
823
14
89
407
369
371
910
596
414
628
412
691
143
607
170
626
424
297
864
936
418
17
219
423
39
794
159
343
271
798
213
681
200
711
65
109
686
668
59
694
757
54
685
309
550
404
712
880
205
592
353
120
698
354
463
957
659
686
763
711
95
678
500
51
432
925
247
182
237
592
709
581
105
169
386
840
303
769
604
355
665
644
391
124
742
508
572
150
710
65
676
80
248
818
761
972
849
977
303
483
842
722
576
586
982
697
996
865
755
586
830
550
970
975
579
100
657
776
232
890
425
222
233
307
257
173
724
224
880
816
246
44
334
535
277
131
537
197
649
753
149
488
556
104
22
976
87
843
826
798
946
251
817
732
926
719
67
732
297
908
235
54
448
699
930
428
111
412
13
412
627
213
198
403
175
571
443
463
283
24
102
111
839
729
104
702
2
155
277
133
465
507
159
158
345
670
941
834
256
509
642
416
711
339
118
38
1000
160
436
715
42
89
147
990
830
55
961
619
566
928
642
746
858
535
224
690
94
105
118
645
115
654
880
217
544
929
78
744
851
175
408
69
566
207
498
535
434
18
250
181
194
164
563
603
632
218
679
299
784
137
559
431
903
398
197
774
902
666
426
596
237
159
580
340
232
740
554
396
307
190
934
713
819
41
767
825
688
880
302
754
150
469
445
451
321
549
636
38
125
490
472
601
457
744
444
726
359
739
848
173
492
268
194
73
617
499
871
627
685
166
105
777
407
433
436
440
254
215
576
170
723
812
853
288
777
911
275
622
836
89
17
515
882
788
922
813
898
660
198
500
715
427
544
558
447
174
870
554
766
821
325
459
270
789
324
602
454
972
943
553
264
203
286
190
790
760
751
825
351
724
765
493
94
275
922
790
382
650
281
272
567
204
973
404
223
838
685
966
335
670
852
949
83
451
448
688
643
468
537
535
280
205
565
233
605
176
469
289
415
358
405
70
223
221
485
403
341
296
154
862
300
809
907
389
790
784
396
673
771
233
563
343
135
904
440
669
971
19
409
947
586
548
329
115
257
33
919
599
109
923
53
827
498
267
821
361
34
894
123
629
76
492
639
676
163
907
751
446
627
313
671
406
482
891
13
77
507
940
730
660
367
647
904
528
731
548
292
875
6
768
167
870
63
856
969
654
544
719
847
178
305
136
888
189
553
804
881
711
117
498
62
95
621
944
591
357
861
713
662
301
33
80
762
469
846
700
847
75
372
400
824
643
833
418
837
132
821
449
252
421
399
506
643
924
848
165
936
960
988
234
836
371
409
874
263
219
632
964
111
964
822
937
792
446
144
718
791
851
132
234
209
111
305
194
886
998
499
476
80
976
798
8
136
561
928
385
320
276
87
644
9
449
582
505
200
427
116
797
924
103
54
705
665
313
213
511
486
513
296
668
641
126
290
158
860
249
95
465
15
604
242
865
78
883
391
901
879
211
698
164
11
628
151
555
474
489
443
212
201
119
527
425
599
89
248
694
340
636
947
83
393
145
717
70
371
977
548
444
664
310
654
687
182
809
855
109
113
895
62
406
653
941
159
386
623
437
956
625
867
420
651
364
548
407
281
439
426
617
887
762
579
803
72
198
681
6
561
897
578
134
819
187
37
559
992
995
574
728
110
276
717
733
349
771
895
194
1000
36
679
232
25
526
704
87
848
721
238
11
482
205
411
857
998
998
420
337
599
886
23
361
659
571
805
89
411
531
382
593
731
608
893
847
553
911
299
473
983
151
217
811
281
273
823
493
895
383
269
82
994
165
421
304
468
904
788
989
701
230
241
612
242
243
168
511
295
464
655
285
951
883
437
442
526
377
855
981
249
561
466
149
414
530
510
992
537
390
852
794
52
257
714
744
924
728
451
496
810
826
466
82
824
641
982
312
640
799
821
830
209
818
124
100
370
602
167
692
755
656
553
819
544
37
290
716
358
257
988
690
835
51
294
312
518
543
330
972
633
981
83
898
608
214
530
514
803
617
422
589
98
463
532
314
759
76
751
981
237
921
114
53
712
201
766
670
217
166
296
511
643
909
9
78
209
413
690
878
652
90
602
755
854
590
551
462
184
910
892
660
445
330
384
74
170
724
340
299
644
853
369
884
468
160
981
368
479
720
773
323
261
999
608
624
485
621
600
555
627
238
744
219
98
116
172
639
783
435
170
421
133
544
924
445
754
975
985
236
657
815
509
505
485
624
133
692
797
599
240
313
256
419
952
902
86
187
493
448
3
247
308
589
726
320
893
785
237
941
194
858
534
817
246
687
340
896
925
693
424
244
709
514
437
60
581
812
106
758
279
227
284
974
104
706
675
357
628
536
971
960
882
207
424
935
798
919
505
681
299
954
272
346
271
953
58
670
828
139
695
706
680
613
743
117
89
139
799
977
449
473
131
145
869
217
595
923
567
533
824
51
849
259
319
759
199
405
45
898
400
34
711
641
123
940
137
684
602
226
853
638
61
141
69
31
124
201
889
423
385
204
248
168
374
207
420
498
730
744
872
504
252
105
874
645
998
282
129
25
710
812
957
151
665
849
106
846
505
182
886
669
233
938
286
219
328
510
493
71
722
202
701
1000
605
809
127
69
356
991
334
672
931
670
380
806
751
251
424
774
84
383
596
824
474
42
750
402
760
203
908
290
441
737
757
307
96
796
702
710
634
824
795
967
465
128
812
67
634
894
466
504
560
808
222
126
83
301
292
967
400
990
680
394
555
117
179
22
984
495
718
279
176
920
929
62
584
649
604
164
630
446
402
939
198
74
523
521
999
965
860
125
208
352
284
911
933
519
609
13
259
528
927
916
162
827
135
594
161
574
395
660
81
295
475
605
326
632
369
914
38
378
345
956
391
694
896
183
987
647
401
273
426
330
523
756
578
475
349
746
381
673
374
737
949
129
633
936
628
598
751
509
464
968
411
844
415
271
122
61
513
873
174
950
5
885
59
695
448
133
454
839
15
169
992
732
579
109
389
241
999
317
959
962
152
35
232
8
535
982
422
40
108
760
549
293
163
756
804
708
807
366
200
295
137
134
233
789
857
954
876
623
784
926
376
708
303
14
126
314
292
244
194
462
764
54
164
313
757
468
281
71
536
770
958
801
359
469
996
450
298
584
696
702
759
407
667
185
791
764
401
603
967
656
137
692
910
706
199
949
524
843
252
276
82
790
926
642
941
716
390
290
714
395
22
972
356
536
145
407
896
312
909
827
999
752
408
203
137
642
52
458
114
539
381
774
884
212
154
763
883
989
530
802
849
449
30
172
361
734
200
137
390
814
444
480
220
487
970
623
730
167
503
522
498
414
695
220
119
168
850
432
82
710
427
733
908
71
621
345
734
236
862
345
488
42
659
141
732
250
409
431
471
416
119
49
521
196
372
478
441
63
612
286
756
363
457
663
681
43
925
195
130
933
967
653
47
250
377
724
943
743
930
61
593
233
130
43
258
899
16
534
921
321
482
203
389
467
362
382
702
450
292
114
871
778
537
144
942
262
331
96
820
637
375
804
808
323
814
619
670
649
368
517
967
841
762
303
161
758
667
991
508
171
273
794
834
20
815
482
563
40
205
965
11
237
57
973
38
794
800
937
819
561
434
466
125
974
34
446
105
534
654
300
161
197
756
368
880
379
911
171
885
894
295
665
211
220
157
251
674
324
315
245
141
712
242
666
353
653
915
120
881
278
224
89
349
324
551
323
428
205
682
908
911
100
987
736
38
321
597
203
286
786
259
298
890
364
652
856
289
582
855
392
250
234
618
534
222
518
403
272
317
333
500
311
910
871
338
771
645
925
960
217
16
580
448
924
423
312
693
188
633
512
212
742
192
705
188
500
848
627
327
751
183
604
53
292
977
640
691
106
248
391
442
298
506
237
1000
523
100
309
478
533
127
816
886
633
835
548
634
785
527
471
161
985
833
689
509
386
273
103
193
232
296
115
716
3
193
39
66
514
853
166
52
309
866
670
895
235
895
54
360
230
370
499
614
44
636
699
890
768
848
714
311
687
565
777
81
756
620
833
241
602
691
352
190
21
494
205
841
624
192
677
989
792
418
382
75
300
374
195
875
82
656
604
206
847
417
744
620
317
362
411
260
611
517
830
637
178
785
971
267
657
277
235
939
201
346
358
623
752
711
563
632
970
305
480
190
465
432
576
938
6
829
451
186
111
249
103
575
476
948
474
489
560
802
71
223
910
361
9
739
405
565
857
720
257
934
294
863
481
639
281
847
507
990
135
129
567
968
83
427
136
255
97
421
355
57
703
842
349
732
116
352
402
901
670
762
839
407
763
58
863
867
317
430
550
514
551
701
109
95
263
515
357
509
125
798
724
756
814
784
202
378
385
881
793
60
166
194
248
682
891
557
156
151
754
903
270
814
370
203
952
66
564
926
270
235
297
966
453
557
308
557
97
534
721
344
458
811
200
634
761
76
263
759
550
186
970
115
226
341
860
623
214
640
905
154
627
392
999
220
65
128
921
972
265
587
557
675
985
987
870
441
118
880
176
981
333
622
260
820
973
774
109
452
281
917
990
346
215
119
854
679
443
943
127
921
488
899
547
895
434
146
72
474
934
376
217
259
509
375
240
476
99
612
585
745
520
198
310
966
949
784
465
216
959
362
175
807
417
662
480
876
851
517
895
732
221
171
173
703
544
255
130
739
905
434
42
866
343
118
639
697
686
794
581
265
505
770
69
686
594
708
819
743
309
618
47
256
404
305
108
858
355
803
739
341
880
569
989
183
21
127
669
678
468
338
651
653
22
371
869
932
386
390
972
456
167
856
334
104
351
572
146
737
624
243
14
946
758
383
859
202
604
971
140
143
992
226
228
321
318
654
64
218
669
810
900
613
191
631
777
985
127
102
463
747
387
744
906
1000
17
532
82
255
244
108
493
784
731
895
192
478
316
796
691
436
725
81
324
316
852
758
353
206
507
926
903
360
318
757
685
738
407
467
2
661
879
717
315
731
292
501
491
862
289
107
878
172
7
873
56
273
843
582
186
701
963
370
481
494
833
302
953
340
559
512
468
159
121
646
679
788
355
517
487
981
184
36
664
228
184
389
572
569
782
150
47
1
646
673
530
203
330
149
228
447
462
526
412
522
768
46
496
74
687
433
8
960
965
401
985
544
152
440
367
894
434
345
519
148
901
983
536
827
366
51
618
138
55
203
410
528
239
64
166
703
994
27
773
774
8
70
544
264
235
469
417
735
863
760
560
114
550
426
792
585
660
478
623
213
282
770
873
495
777
443
826
983
218
583
541
996
447
499
164
741
337
426
475
489
369
195
282
765
890
249
277
319
622
370
539
440
335
592
712
167
179
234
295
512
531
27
795
216
294
218
761
831
606
127
501
230
55
886
218
831
597
207
98
395
650
328
320
681
459
410
569
718
933
654
338
41
895
557
983
286
174
458
83
294
135
40
783
574
105
542
639
52
957
318
330
178
770
336
867
617
886
486
589
843
269
787
115
283
326
400
699
486
499
860
624
388
49
56
215
446
811
345
217
651
196
832
527
502
244
476
147
564
916
76
791
459
159
883
724
489
273
134
736
881
881
473
863
797
38
542
201
668
325
740
360
355
324
193
652
12
207
643
594
255
754
50
868
984
429
405
202
217
353
319
463
246
302
984
932
93
374
526
48
267
334
422
433
947
148
759
709
537
675
677
146
251
780
836
105
494
929
476
136
60
366
772
811
250
683
807
961
360
481
467
621
399
413
763
371
640
178
333
651
19
624
319
937
245
636
981
624
355
919
276
568
579
137
123
242
429
272
760
937
683
551
699
556
174
635
893
159
562
610
672
160
965
680
702
653
438
615
591
107
173
108
461
173
620
74
889
845
800
67
403
751
779
187
305
744
344
542
281
235
807
442
860
509
253
645
269
975
829
487
784
395
564
8
959
102
286
38
543
777
784
295
131
277
794
385
81
897
202
809
834
173
404
695
323
88
101
295
93
322
666
933
212
216
892
210
851
508
129
784
998
60
657
668
253
443
679
317
385
941
53
514
645
838
283
584
731
420
276
885
765
444
764
876
647
937
551
750
210
815
357
17
860
945
747
379
714
658
934
472
570
599
332
196
379
836
937
295
408
483
790
626
51
375
883
128
241
177
551
532
802
816
247
782
208
989
761
95
816
963
368
794
690
774
168
443
288
227
991
330
654
453
308
386
496
793
952
796
921
593
908
771
780
118
389
766
161
794
985
819
577
488
383
420
246
271
354
991
155
500
526
89
966
536
219
699
386
180
960
696
572
91
319
442
273
172
332
701
694
286
389
461
66
264
881
522
951
701
242
25
443
733
928
463
363
274
346
29
539
891
673
32
833
386
27
701
826
983
763
498
554
452
636
492
163
938
665
618
363
810
199
776
679
361
188
218
692
918
482
618
454
484
992
483
293
811
353
30
782
899
363
9
859
523
643
27
414
392
423
261
516
88
1000
716
726
928
495
230
791
209
234
664
981
552
692
841
429
42
961
801
578
172
807
848
609
445
298
299
695
294
186
229
716
607
859
818
936
196
349
19
265
87
758
584
130
617
91
20
466
969
764
347
481
939
588
828
353
732
70
927
201
159
696
792
501
599
952
962
128
110
104
689
109
132
733
757
573
95
528
981
293
576
120
481
833
474
582
929
321
184
906
189
105
71
151
378
901
555
356
609
753
325
992
839
695
622
390
529
93
500
701
549
376
983
889
511
28
815
152
974
588
487
781
773
874
712
728
913
408
439
652
369
463
133
219
472
376
736
531
429
480
889
974
294
889